group green0 fuchsia 0
  Ярослав Иосипович Жданов 0 9 7 8 1 5 3 8 5 1 3
  Афанасий Валерианович Петрова 1 8 4 6 2 2 3 1 7 7
  Гордей Филимонович Самойлова 2 12 8 7 1 7 7 2 0 3 7 3 5 2
  Марина Трифонович Шестакова 3 5 4 7 4 1 0
  Эдуард Герасимович Лыткин 4 10 7 0 9 8 2 7 8 6 1 6
  Капитон Еремеевич Юдина 5 9 3 4 1 4 1 2 4 5 6
  Богдан Евгеньевна Филатова 6 10 5 7 7 5 8 4 2 6 6 6
  Юлиан Руслановна Якушев 7 14 5 0 5 2 5 3 9 0 4 6 2 8 4 0
  Изяслав Брониславович Белякова 8 6 6 3 7 1 8 0
  Галактион Вячеславовна Силин 9 11 5 0 1 6 9 0 6 7 6 4 4
  Пимен Данилович Игнатьева 10 10 5 5 4 8 2 3 9 6 9 3
  Серафим Ильясович Александров 11 10 1 9 1 2 2 4 0 1 1 4
  Мстислав Вячеславович Рогова 12 5 7 2 8 2 7
endgroup
group purple1 silver 13
  Кир Чеславович Власова 13 9 6 9 3 9 1 6 3 2 5
  Терентий Эдуардовна Потапов 14 13 8 6 4 4 2 0 6 7 5 5 5 2 1
  Кир Аскольдовна Корнилова 15 6 0 1 3 9 9 6
  Пимен Борисович Калинина 16 14 0 1 9 9 1 0 1 2 0 2 0 5 8 4
  Терентий Тимуровна Мартынова 17 10 4 1 4 9 3 1 9 0 9 1
  Маргарита Ермолаевич Голубева 18 13 0 2 3 1 5 3 6 4 6 1 0 6 6
  Артем Федоровна Рожков 19 12 0 9 4 6 3 9 4 9 2 3 0 2
  Федот Федосьевич Якушева 20 10 7 9 1 7 4 6 2 5 2 2
  Наум Викентьевич Лаврентьев 21 14 6 6 7 0 5 9 0 4 8 1 5 4 3 3
  Владислав Ильинична Мартынов 22 10 7 1 6 4 0 3 4 6 8 2
  Валерия Ильясович Шаров 23 13 5 3 4 0 9 0 8 0 2 1 6 5 4
  Алевтина Эдгардович Кузьмин 24 10 7 3 6 9 5 6 6 5 1 1
endgroup
group silver2 gray 25
  Леонтий Гурьевич Кошелев 25 14 7 8 3 5 8 6 6 0 4 5 7 1 6 9
  Потап Тарасовна Баранов 26 14 4 2 2 7 7 9 5 0 4 8 7 5 1 9
  Никита Дмитриевна Богданова 27 10 8 0 7 8 3 1 9 6 6 4
  Рюрик Дорофеевич Бурова 28 12 8 1 0 0 2 0 7 0 1 0 3 5
  Мина Чеславович Семенова 29 6 2 7 6 6 5 9
  Эдуард Андреевна Никитина 30 13 1 7 9 3 8 5 7 9 1 8 1 9 9
  Григорий Харламович Борисова 31 8 8 4 3 1 6 1 0 1
  Варфоломей Теймуразович Юдина 32 5 6 5 0 5 3
  Антонина Арсеньевич Тихонов 33 7 5 1 8 4 6 6 9
  Агата Юрьевна Дмитриева 34 11 3 2 0 8 3 5 2 7 8 6 0
  Кирилл Ермилович Архипова 35 10 0 9 2 6 1 8 4 8 7 8
  Куприян Валерианович Коновалов 36 6 0 7 6 6 7 1
  Евдоким Трофимович Панов 37 9 0 6 8 6 4 4 8 0 7
  Измаил Оскаровна Одинцов 38 11 6 0 3 3 4 6 7 9 6 9 5
  Харитон Павловна Кузьмин 39 11 4 9 2 7 5 3 9 2 5 9 0
  Петр Феликсович Воронцова 40 10 7 9 8 3 6 7 9 7 9 1
endgroup
group white3 gray 41
  Чеслав Валериевна Голубев 41 12 7 7 2 3 1 9 5 4 3 5 2 1
  Виссарион Давидович Кудряшова 42 12 3 8 1 3 4 2 1 4 0 9 8 5
  Геннадий Геннадьевна Бирюков 43 14 7 9 0 0 3 2 7 8 5 6 6 0 4 9
  Владимир Еремеевич Лапин 44 13 3 1 6 6 4 2 7 2 5 4 3 0 0
  Велимир Натановна Исаев 45 10 7 1 9 5 0 9 5 5 9 7
  Кирилл Львовна Кондратьева 46 9 1 1 6 5 4 6 7 0 3
  Парамон Макаровна Горбунова 47 12 0 2 6 0 1 3 2 4 7 2 6 4
  Эрнест Егорович Григорьева 48 12 5 8 5 0 2 2 2 3 2 4 0 8
  Аристарх Ильич Фадеева 49 9 2 3 6 0 0 5 5 9 8
  Авдей Харламович Коновалов 50 11 2 2 0 1 9 8 8 9 7 9 2
  Сергей Наумовна Лебедев 51 12 9 0 4 2 8 1 7 3 5 0 2 2
  Олег Измаилович Рябова 52 13 9 3 7 4 8 7 4 1 8 1 3 2 0
  Дмитрий Тихонович Воронцов 53 7 0 0 8 0 2 0 0
  Викентий Кузьминична Артемьева 54 10 3 5 0 9 4 1 2 3 3 1
endgroup
group lime4 black 55
  Агафон Архиповна Орлова 55 7 5 6 6 7 1 0 7
  Жанна Харлампьевич Рогова 56 7 7 8 1 5 0 0 6
  Бажен Наумовна Родионова 57 5 0 5 6 4 1
  Ладислав Ефимьевич Федоров 58 5 0 2 8 1 2
  Изот Филипповна Костина 59 9 3 6 2 4 0 7 4 4 5
  Евграф Дмитриевич Быкова 60 7 8 2 3 9 1 0 0
  Мариан Эдуардовна Суворова 61 13 1 3 5 5 0 6 7 6 0 8 4 0 9
  Ярослав Фокич Белоусов 62 8 5 5 2 1 3 1 0 5
  Исидор Наумовна Сазонов 63 13 0 5 1 9 3 0 4 9 8 5 4 2 5
  Ратмир Гаврилович Большаков 64 10 3 9 9 5 6 2 0 5 2 8
  Евграф Анисимович Ильин 65 10 4 3 3 0 2 9 7 7 5 5
  Лидия Эдгарович Горбунова 66 7 2 9 4 2 2 2 2
  Дорофей Федосеевич Князева 67 7 0 1 1 6 8 5 6
  Ангелина Виленович Павлов 68 10 9 3 5 5 7 3 5 8 6 6
  Спиридон Адамович Суханова 69 7 8 0 0 4 2 7 6
  Севастьян Глебович Мамонтова 70 12 4 9 1 4 6 1 4 7 8 7 4 1
endgroup
group olive5 fuchsia 71
  Дарья Всеволодович Кононова 71 5 7 3 1 3 2
  Олимпий Степановна Максимов 72 8 8 2 7 0 4 1 1 1
  Алла Матвеевич Антонов 73 8 3 0 9 5 8 3 9 4
  Артем Вячеславович Зайцев 74 11 5 7 5 4 0 3 7 8 9 5 9
  Прасковья Анисимович Абрамова 75 6 9 0 2 4 4 3
  Жанна Афанасьевич Макаров 76 7 1 9 2 2 4 5 0
  Тамара Даниилович Васильева 77 11 4 6 4 4 3 2 0 9 6 9 1
  Андроник Леоновна Орлова 78 7 6 4 2 8 7 5 4
  Юлиан Викторовна Лаврентьев 79 14 2 7 0 1 3 2 9 4 8 6 8 8 4 8
  Митофан Аскольдовна Комаров 80 6 5 4 7 9 5 1
  Всемил Феофанович Егоров 81 9 3 4 7 0 7 0 1 8 8
  Степан Гурьевич Максимов 82 13 9 6 9 3 1 0 1 8 0 8 7 1 6
  Радислав Рубеновна Сергеев 83 9 4 4 6 5 5 4 0 8 4
  Вениамин Елисеевич Сергеева 84 13 5 6 9 6 1 4 7 0 4 1 5 7 9
  Мартьян Федоровна Мельников 85 6 5 7 3 2 4 1
  Флорентин Егоровны Лаврентьев 86 14 2 3 4 7 0 6 7 4 4 9 3 0 0 5
  Георгий Феодосьевич Белякова 87 12 7 6 6 9 4 8 2 4 9 1 3 7
  Екатерина Федосеевич Буров 88 11 7 3 2 4 9 4 3 9 0 8 4
  Ирина Архиповна Игнатов 89 7 8 2 2 7 9 3 6
endgroup
group gray6 aqua 90
  Исай Наумовна Савельев 90 5 6 9 0 2 6
  Надежда Давыдович Блохин 91 14 4 7 7 1 6 2 3 0 4 4 8 9 1 1
  Олег Ефремович Гущин 92 8 1 2 0 3 6 5 0 9
  Виссарион Давидович Данилова 93 7 4 9 0 1 9 7 0
  Егор Жанович Маслова 94 7 5 5 1 8 1 8 9
  Афиноген Тимуровна Никифоров 95 12 8 5 5 3 1 8 4 2 1 9 1 0
  Агафон Анатольевич Миронова 96 8 2 4 4 3 9 3 9 2
  Панкрат Жанович Матвеева 97 9 1 3 0 5 4 6 0 7 9
  Сидор Бориславич Новиков 98 8 8 4 4 6 2 5 0 2
  Полина Рудольфовна Быков 99 6 3 5 8 1 9 7
  Жанна Ниловна Киселева 100 11 6 0 4 7 0 9 9 2 2 0 8
  Елена Ильясович Герасимов 101 13 9 6 7 6 7 1 4 6 1 1 7 2 0
  Селиван Артёмович Третьякова 102 10 6 2 6 4 4 2 4 6 4 4
  Амос Георгиевич Кононова 103 11 3 4 4 2 4 9 6 0 1 0 8
  Валентин Ильич Титов 104 11 5 0 0 5 6 4 4 2 4 1 6
  Аполлон Владиславович Козлова 105 12 7 6 1 4 0 3 9 4 4 7 0 7
  Виктор Ефимьевич Блохина 106 11 1 4 6 8 4 9 5 7 6 1 4
  Спартак Вячеславович Селезнев 107 9 3 9 2 6 4 0 9 1 2
  Авдей Дмитриевич Морозов 108 10 0 8 1 0 1 5 7 0 3 1
  Адриан Руслановна Григорьева 109 11 7 7 9 0 5 8 3 7 9 1 7
endgroup
group olive7 gray 110
  Синклитикия Валерьянович Калинин 110 13 2 3 5 0 7 6 8 9 2 5 4 5 3
  Макар Демьянович Сысоев 111 6 0 2 7 5 4 4
  Виктор Геннадиевна Устинова 112 7 8 9 8 1 2 6 6
  Мир Валерьянович Ермаков 113 7 6 9 0 3 1 3 7
  Богдан Вилорович Савельева 114 8 8 7 9 3 5 8 4 9
  Куприян Валентинович Горбачев 115 13 9 5 6 6 6 1 1 6 5 6 7 1 1
  Еремей Устинович Михайлов 116 12 9 5 2 2 0 1 2 5 1 5 0 0
  Аверкий Венедиктович Куликов 117 5 7 9 4 5 7
  Юлия Ефремович Жданов 118 6 4 5 1 0 7 5
  Светлана Зиновьевич Молчанова 119 12 6 8 0 6 2 1 3 3 2 2 5 1
  Лонгин Иларионовичх Федорова 120 12 0 7 8 6 5 2 4 9 5 6 5 2
  Светозар Ефимовна Панова 121 8 8 0 2 2 4 9 6 7
  Иванна Леоновна Воронцова 122 7 0 8 5 5 7 8 1
  Юлий Игнатьевич Евдокимов 123 8 7 4 6 4 2 0 9 9
  Нифонт Георгиевна Родионова 124 14 0 4 4 0 8 6 8 0 4 0 2 3 7 6
  Валентин Тихонович Денисова 125 6 8 9 7 4 1 1
  Лукьян Евсеевич Галкин 126 5 8 3 9 5 8
  Пантелеймон Витальевич Ефремов 127 6 4 3 1 7 5 5
  Фёкла Матвеевна Кулагина 128 8 9 1 1 3 5 5 0 7
  Ипат Теймуразович Горбачев 129 7 2 3 5 9 6 9 1
  Ратмир Ефимовна Рогова 130 13 3 5 5 8 1 2 4 6 1 4 8 5 4
  Климент Афанасьевич Панфилов 131 13 1 8 6 9 7 6 6 1 6 0 4 4 3
  Любовь Жанович Чернов 132 12 2 1 2 3 4 5 0 1 5 8 0 0
endgroup
group blue8 gray 133
  Радован Валерьянович Меркушева 133 11 2 7 5 3 2 0 8 1 0 3 1
  Кондрат Демидович Воронцов 134 6 8 6 9 8 1 9
  Сигизмунд Феодосьевич Цветков 135 12 6 0 6 5 7 7 4 5 3 8 1 1
  Александр Руслановна Александров 136 12 5 3 6 1 9 1 0 7 3 5 8 8
  Ферапонт Измаилович Беляева 137 11 2 9 3 7 9 5 3 3 0 4 7
  Серафим Наумовна Андреева 138 9 1 6 5 0 9 9 0 7 9
  Радован Валерианович Самойлов 139 9 4 5 0 1 6 2 3 4 0
  Феофан Яковлевич Сазонова 140 11 7 2 7 5 6 8 0 0 4 6 7
  Тамара Жоресович Кононова 141 12 0 2 9 9 7 4 9 2 9 0 5 4
  Гурий Егорович Крюков 142 6 9 6 6 2 1 2
  Федот Ануфриевич Овчинников 143 12 6 6 0 2 3 2 1 2 0 7 1 9
  Маргарита Романовна Горбунов 144 9 8 9 3 4 6 4 5 5 5
  Валерий Андреевич Филиппов 145 6 4 8 6 3 1 0
endgroup
group navy9 white 146
  Вениамин Архиповна Карпова 146 10 6 6 4 5 0 2 0 9 2 4
  Наркис Ефремович Михеев 147 11 5 7 3 3 9 5 6 5 1 0 7
  Фаина Ермолаевич Орехова 148 14 8 5 4 9 0 8 3 2 8 2 7 0 3 4
  Лаврентий Трофимович Фомичева 149 12 0 5 6 4 7 8 9 9 6 3 9 9
  Юлиан Макаровна Кондратьева 150 12 5 7 9 4 9 1 0 2 6 8 7 9
  Гедеон Глебович Смирнова 151 10 2 4 1 7 9 7 8 5 9 2
  Лев Изотович Воронцова 152 13 9 7 0 7 9 9 8 9 7 4 7 4 9
  Всемил Мироновна Евсеева 153 6 8 2 9 0 7 5
  Поликарп Эдгардович Кудрявцев 154 10 7 3 7 7 6 5 0 3 6 1
  Потап Игнатьевич Фролов 155 6 3 2 9 9 9 2
  Эмилия Денисович Белоусова 156 11 6 8 1 9 4 7 0 6 4 5 1
  Мечислав Иларионовичх Тарасова 157 12 6 9 0 2 2 9 0 9 1 8 7 8
  Богдан Кирилловна Емельянов 158 9 5 6 3 3 0 2 1 0 1
  Творимир Гордеевич Аксенов 159 12 2 1 0 5 5 3 9 3 6 1 9 9
  Михей Антонович Романов 160 12 4 2 3 3 9 4 6 1 9 1 2 9
  Будимир Геннадиевна Сазонов 161 11 8 1 7 0 3 3 1 1 5 2 1
  Рубен Федотович Лукина 162 6 6 6 9 3 3 7
  Феоктист Викентьевич Мишина 163 9 8 5 3 5 3 6 6 0 7
  Парфен Натановна Трофимов 164 13 3 2 8 2 5 1 2 4 3 3 8 5 4
  Наталья Ермолаевич Савина 165 7 9 1 7 7 3 4 3
endgroup
