101:9 3 10 7 1 4 4 3 10 7
102:4 1 4 6 3 10 1 6 9 4
103:6 2 8 6 9 5 4 2 7 7
104:8 8 6 9 6 6 9 10 10 6
105:9 5 10 6 8 5 7 7 8 6
106:8 8 5 8 9 9 8 10 10 10
107:9 10 8 7 6 7 5 6 10 9
108:5 5 10 10 6 8 6 5 6 6
109:6 9 8 6 6 9 9 6 6 5
110:9 6 7 10 6 10 10 5 8 7
201:6 2 10 2 2 4 8 2 4 5
202:5 9 3 6 4 8 5 4 5 6
203:10 4 6 10 10 4 10 2 4 4
204:6 10 4 2 3 10 9 3 5 3
205:4 5 10 3 10 9 2 5 3 4
206:2 10 10 9 7 6 4 7 4 8
207:3 10 9 2 3 3 5 5 8 7
208:7 6 1 5 6 4 7 4 8 1
209:7 6 10 2 6 9 1 7 3 5
210:7 6 10 3 6 9 10 8 3 5
301:5 4 3 3 4 10 2 1 9 4
302:7 10 1 8 7 10 5 7 8 8
303:4 2 6 8 9 10 3 3 8 9
304:10 3 8 2 4 3 9 10 2 6
305:7 4 3 1 7 7 10 2 4 10
306:5 10 5 7 10 6 10 3 9 4
307:10 1 8 9 10 10 3 8 6 10
308:1 9 3 2 8 9 6 3 10 8
309:10 3 10 5 6 3 10 10 2 6
310:5 4 3 3 4 10 2 4 9 4
